VarID	Location	Gene	Conseq_terms	IMPACT	AF_AFR	AF_AMR	AF_EAS	AF_EUR	AF_SAS	ALT_AFR	REF_AFR	ALT_nonAFR	REF_nonAFR	DeltaAF	p	FDR	HIGH_flag	AF_nonAFR	OR	CI_lo	CI_hi	h
._G_81	NA	ENSG00000143702	NA	MODERATE	0.903177004538578	0.9884726224783862	1	0.9990059642147118	1	1194	128	3677	9	-0.09369264213469652	2.3844541783719694e-64	6.2949590309019995e-62	FALSE	0.9968696466732745	0.02401341632125106	0.012383843270660312	0.04656423299412281	-0.5208774647850913
._G_63	NA	ENSG00000185499	NA	MODERATE	0.9273827534039334	0.9942363112391932	1	1	1	1226	96	3682	4	-0.07117632440586485	2.712606216969633e-51	3.580640206399916e-49	FALSE	0.9985590778097984	0.015531378280552536	0.006021919165740911	0.040057613636854554	-0.4697602544026789
._C_37	NA	ENSG00000185499	NA	MODERATE	0.9568835098335856	0.9985590778097982	1	1	1	1265	57	3685	1	-0.04275625961886409	1.8800431865906867e-32	1.6544380041998044e-30	FALSE	0.9996397694524496	0.00895754808798287	0.0017685613068518262	0.04536889246511605	-0.38037219559402136
._C_68	NA	ENSG00000143702	NA	MODERATE	0.25718608169440244	0.16138328530259366	0.06646825396825397	0.12127236580516898	0.12576687116564417	340	982	424	3262	0.13846338763398724	3.2808534246979387e-32	2.1653632603006395e-30	FALSE	0.11872269406041519	2.6635287136190757	2.2709925850662973	3.1239138581626773	0.36017160073033283
._A_30	NA	ENSG00000054282	NA	MODERATE	0.829803328290469	0.7853025936599424	0.8065476190476191	0.6769383697813122	0.5245398773006135	1097	225	2552	1134	0.1314712133430972	3.035815884732247e-23	1.6029107871386266e-21	FALSE	0.6983321149473717	2.1632002884003554	1.844353701254037	2.5371681606156553	0.3124152062201393
._G_48	NA	ENSG00000134259	NA	MODERATE	0.8449319213313162	0.6772334293948127	0.8363095238095238	0.5437375745526839	0.8098159509202454	1117	205	2652	1034	0.12815780166199975	9.77389219303888e-21	4.3005125649371076e-19	FALSE	0.7167741196693165	2.1208541728296537	1.7978866088111074	2.501838770234443	0.31287435023298915
._C_28	NA	ENSG00000134259	NA	MODERATE	0.975037821482602	1	1	0.9990059642147118	1	1289	33	3685	1	-0.0247136695710759	1.5431003152162536e-18	5.819692617387014e-17	FALSE	0.999751491053678	0.015666478353045517	0.003048120558492553	0.0805212718055435	-0.2857884495347145
._G_12	NA	ENSG00000198830	NA	HIGH	0.9826021180030258	0.9985590778097982	1	1	1	1299	23	3685	1	-0.01703765144942382	7.759969373249796e-13	2.5607898931724326e-11	TRUE	0.9996397694524496	0.02250625654880974	0.0043144281257675755	0.11740410758395124	-0.22661128615552384
._C_14	NA	ENSG00000066322	NA	MODERATE	0.983358547655068	0.9985590778097982	1	1	1	1300	22	3685	1	-0.01628122179738156	2.853491783831882e-12	8.370242565906854e-11	FALSE	0.9996397694524496	0.023524623524623523	0.00449975101626326	0.1229863407942154	-0.22076275091849684
._C_51	NA	ENSG00000143702	NA	MODERATE	0.9856278366111952	1	1	1	1	1303	19	3686	0	-0.01437216338880487	9.293586667439819e-12	2.4535068802041127e-10	FALSE	1	0.009066343936817286	5.469971604306695e-4	0.15027242977997526	-0.24034599319517458
._C_3	NA	ENSG00000117682	NA	MODERATE	0.9863842662632376	0.9985590778097982	1	1	1	1304	18	3685	1	-0.01325550318921209	5.084247589584764e-10	1.2202194215003436e-8	FALSE	0.9996397694524496	0.028699028699028697	0.005428800746411209	0.1517156894756451	-0.19594405423081662
._C_80	NA	ENSG00000054282	NA	MODERATE	0.9878971255673222	1	1	1	0.9989775051124744	1306	16	3685	1	-0.01184725071079639	6.661974426644206e-9	1.4656343738617252e-7	FALSE	0.9997443762781186	0.03222703222703223	0.006050379817968557	0.17165560467423396	-0.18849455273219506
._G_74	NA	ENSG00000143702	NA	MODERATE	0.9969742813918304	0.8904899135446686	1	0.9880715705765408	0.9969325153374232	1318	4	3595	91	0.02810078152717232	2.1800235991292163e-8	4.427124847462408e-7	FALSE	0.9688734998646581	7.456403838130997	2.8880208686708064	19.25123145764639	0.24464210369741313
._G_5	NA	ENSG00000117682	NA	MODERATE	0.9901664145234492	1	1	1	1	1309	13	3686	0	-0.00983358547655066	2.893592592522775e-8	5.456488888757233e-7	FALSE	1	0.013156110131561101	7.814997403181782e-4	0.2214757406359418	-0.1986553672710487
._G_2	NA	ENSG00000117682	NA	MODERATE	0.989409984871407	0.9985590778097982	1	1	1	1308	14	3685	1	-0.01022978458104262	8.59397497613981e-8	1.5125395958006067e-6	FALSE	0.9996397694524496	0.036728278107588455	0.006829774774011303	0.19751257653201917	-0.1682188452129143
._T_18	NA	ENSG00000143702	NA	HIGH	0.9984871406959152	0.9711815561959656	0.9990079365079364	0.9662027833001988	0.99079754601227	1320	2	3622	64	0.01668968519182256	7.108999721635695e-7	1.1729849540698898e-5	TRUE	0.9817974555040927	9.404803312629399	2.654463429606866	33.32135766599908	0.1928483883062988
._C_36	NA	ENSG00000185499	NA	MODERATE	0.9939485627836612	1	1	1	1	1314	8	3686	0	-0.00605143721633882	2.321403539603788e-5	3.605003143855294e-4	FALSE	1	0.0209747807979831	0.001209741791620381	0.3636655628257362	-0.15573931291925236
._G_91	NA	ENSG00000054282	NA	MODERATE	0.9947049924357034	1	1	1	1	1315	7	3686	0	-0.00529500756429657	8.828394754036839e-5	0.00129483123059206	FALSE	1	0.023789502237895024	0.0013576960796235276	0.4168388089356057	-0.14566234583412463
._C_38	NA	ENSG00000185499	NA	MODERATE	1	0.9884726224783862	0.9990079365079364	0.9840954274353876	0.9979550102249488	1322	0	3659	27	0.00761725083833519	5.567516064226827e-4	0.00773591705766253	FALSE	0.9923827491616648	19.876349228036617	1.2115250078812576	326.0925330181819	0.17477609258440152
._C_7	NA	ENSG00000234694	NA	HIGH	1	0.9956772334293948	1	0.9860834990059644	0.9928425357873212	1322	0	3662	24	0.00634918294432995	8.351868493487717e-4	0.01102446641140378	TRUE	0.99365081705567	17.693515358361775	1.0751845047696436	291.16908246706623	0.15953264252352595
._C_27	NA	ENSG00000134259	NA	MODERATE	1	0.9913544668587896	0.9970238095238096	0.9880715705765408	0.9979550102249488	1322	0	3663	23	0.00639878570397778	0.00135759020919395	0.01558277457509582	FALSE	0.9936012142960222	16.966698512351577	1.0297908236482107	279.5410988313222	0.1601559318430943
._G_20	NA	ENSG00000117399	NA	MODERATE	1	0.9985590778097982	1	0.9960238568588468	0.98159509202454	1322	0	3663	23	0.00595549332670375	0.00135759020919395	0.01558277457509582	FALSE	0.9940445066732962	16.966698512351577	1.0297908236482107	279.5410988313222	0.15449729650018584
._G_68	NA	ENSG00000143702	NA	MODERATE	1	1	1	1	0.976482617586912	1322	0	3663	23	0.00587934560327196	0.00135759020919395	0.01558277457509582	FALSE	0.994120654396728	16.966698512351577	1.0297908236482107	279.5410988313222	0.15350445081515307
._G_75	NA	ENSG00000143702	NA	MODERATE	0.9969742813918304	1	1	1	1	1318	4	3686	0	-0.00302571860816947	0.00483967458209055	0.047321262580441	FALSE	1	0.039739590397395906	0.0021380102151421234	0.7386470998913455	-0.11006861859727479
._G_88	NA	ENSG00000054282	NA	MODERATE	0.9969742813918304	1	1	1	1	1318	4	3686	0	-0.00302571860816947	0.00483967458209055	0.047321262580441	FALSE	1	0.039739590397395906	0.0021380102151421234	0.7386470998913455	-0.11006861859727479
._T_35	NA	ENSG00000054282	NA	MODERATE	0.9969742813918304	1	1	1	1	1318	4	3686	0	-0.00302571860816947	0.00483967458209055	0.047321262580441	FALSE	1	0.039739590397395906	0.0021380102151421234	0.7386470998913455	-0.11006861859727479
._T_8	NA	ENSG00000159479	NA	MODERATE	0.9969742813918304	1	1	1	1	1318	4	3686	0	-0.00302571860816947	0.00483967458209055	0.047321262580441	FALSE	1	0.039739590397395906	0.0021380102151421234	0.7386470998913455	-0.11006861859727479
